----------------------------------------------------------

{
  "lag_1": 0.47923356,
  "lag_2": 0.46374405,
  "lag_3": 0.48067927,
  "lag_4": 0.74060375,
  "lag_5": 0.84755089,
  "lag_6": 0.77915399,
  "lag_7": 0.56764024,
  "lag_8": 0.48112283,
  "lag_9": 0.4561315,
  "lag_10": 0.51765537
}

 {
  "future_sales_predictions": 309774.8514430857
}

----------------------------------------------------------

{
  "lag_1": 286363.32,
  "lag_2": 415667.81,
  "lag_3": 502955.83,
  "lag_4": 472878.87,
  "lag_5": 335006.62,
  "lag_6": 322661.2,
  "lag_7": 332919.47,
  "lag_8": 398828.19,
  "lag_9": 521347.82,
  "lag_10": 505548.25
}

{
  "future_sales_predictions": 597497.2383019162
}

----------------------------------------------------------


